Anzahl Punkte:10
unveränderte Strucktur: 
 0: 6905  6931  6896  6953  7043  6952  6996  7051  7001  6995  7066  6855  6838  6690  6796  6777  6904  6829  6910  6925  6946  6910  6962  6921  7106  7051  6796  6777  6892  6955  6930  7003  7067  6964  6925  6993  6857  6851  7038  6931  6983  6885  6953  6959  6939  7016  7132  6813  6892  7122  
 1: 6787  6718  6739  6793  6707  6861  6871  6901  6879  6853  6744  7010  6894  6757  6758  6762  6702  6741  6895  6914  6874  6730  6784  6756  6779  6770  6955  6868  6712  6822  6860  6964  6876  6850  6795  6866  6924  6849  6779  6795  6649  6681  6838  6833  6954  6798  6649  6801  6767  6490  
 2: 6790  6866  6878  6918  6863  6857  6896  6820  6801  6835  6783  6799  6802  6881  6857  6908  6915  6933  6881  6765  6820  6820  6908  6832  6863  6905  6893  6890  6976  6918  6899  6808  6750  6817  6820  6823  6835  6863  6851  6899  6872  6951  6869  6790  6790  6841  6832  6869  6887  6896  
 3: 6885  6790  6839  6732  6879  6815  6930  6979  6946  7083  7223  6982  7089  7049  6900  6955  6775  6927  7013  6970  6982  6997  7086  6924  7119  7132  6997  6869  6876  6854  6879  6869  6903  7049  7199  6839  7031  6918  6778  6735  6888  6924  6888  7049  6912  6997  6854  6812  6821  6933  
 4: 7093  6688  6493  6723  6533  6818  6893  6793  6883  7073  6958  7033  7008  6783  6788  6738  6683  6968  6928  7068  6758  6918  6718  6313  6763  6688  6653  6638  6738  6778  6798  6923  6908  7063  6938  7238  6848  7183  6948  6743  6773  6803  6963  6793  6853  6823  6698  6858  6523  6883  
 5: 6957  6944  7084  6898  6859  6953  6736  6949  7096  6828  6804  6968  6978  6956  6961  6846  6947  6807  6738  6710  7127  6790  6855  6893  7004  6781  6963  6869  6908  6914  6857  6779  6866  6883  6882  7013  7020  6963  7020  6834  6991  6870  6794  6928  6860  6850  6842  6843  6955  6854  
 6: 6245  6880  6700  6775  6580  6685  6695  6745  6655  6665  6865  6575  6760  6720  6650  6580  6625  6705  6675  6680  6575  6675  6660  6690  6535  7045  6655  6660  6625  6655  6690  6720  6620  6745  6785  6780  6600  6625  6675  6730  6685  6705  6680  6780  6690  6785  6785  6595  6800  6860  
 7: 6909  6940  6961  6952  6952  6985  7010  7034  7058  7058  6973  6876  6885  6985  6952  6961  6860  6796  6936  6833  6821  6879  6866  6778  6879  6882  6903  6851  6848  6842  6903  6933  6943  6863  6851  6879  6799  6863  6891  6885  6821  6854  6851  6824  6723  6732  6799  6879  6888  6897  
 8: 6893  6928  6843  6926  7004  6993  6978  6882  6870  6950  6983  6895  6881  6948  6964  7043  7020  6982  6923  6961  6960  7000  6749  6953  6787  6793  6829  7006  6995  6919  6896  6783  6869  6931  6900  6792  6973  6905  6883  6956  6960  6892  6942  6908  6794  6779  6896  7018  7058  6892  
 9: 6721  6721  6666  6712  6766  6645  6693  6727  6678  6654  6678  6709  6721  6684  6709  6727  6797  6788  6742  6763  6745  6684  6718  6724  6742  6696  6690  6687  6733  6766  6730  6675  6663  6605  6693  6721  6724  6712  6715  6721  6782  6736  6763  6776  6727  6690  6702  6760  6727  6715  
Permutation: 1
 0: 6787  6718  6739  6793  6707  6861  6871  6901  6879  6853  6744  7010  6894  6757  6758  6762  6702  6741  6895  6914  6874  6730  6784  6756  6779  6770  6955  6868  6712  6822  6860  6964  6876  6850  6795  6866  6924  6849  6779  6795  6649  6681  6838  6833  6954  6798  6649  6801  6767  6490  
 1: 6957  6944  7084  6898  6859  6953  6736  6949  7096  6828  6804  6968  6978  6956  6961  6846  6947  6807  6738  6710  7127  6790  6855  6893  7004  6781  6963  6869  6908  6914  6857  6779  6866  6883  6882  7013  7020  6963  7020  6834  6991  6870  6794  6928  6860  6850  6842  6843  6955  6854  
 2: 6885  6790  6839  6732  6879  6815  6930  6979  6946  7083  7223  6982  7089  7049  6900  6955  6775  6927  7013  6970  6982  6997  7086  6924  7119  7132  6997  6869  6876  6854  6879  6869  6903  7049  7199  6839  7031  6918  6778  6735  6888  6924  6888  7049  6912  6997  6854  6812  6821  6933  
 3: 6893  6928  6843  6926  7004  6993  6978  6882  6870  6950  6983  6895  6881  6948  6964  7043  7020  6982  6923  6961  6960  7000  6749  6953  6787  6793  6829  7006  6995  6919  6896  6783  6869  6931  6900  6792  6973  6905  6883  6956  6960  6892  6942  6908  6794  6779  6896  7018  7058  6892  
 4: 6905  6931  6896  6953  7043  6952  6996  7051  7001  6995  7066  6855  6838  6690  6796  6777  6904  6829  6910  6925  6946  6910  6962  6921  7106  7051  6796  6777  6892  6955  6930  7003  7067  6964  6925  6993  6857  6851  7038  6931  6983  6885  6953  6959  6939  7016  7132  6813  6892  7122  
 5: 7093  6688  6493  6723  6533  6818  6893  6793  6883  7073  6958  7033  7008  6783  6788  6738  6683  6968  6928  7068  6758  6918  6718  6313  6763  6688  6653  6638  6738  6778  6798  6923  6908  7063  6938  7238  6848  7183  6948  6743  6773  6803  6963  6793  6853  6823  6698  6858  6523  6883  
 6: 6909  6940  6961  6952  6952  6985  7010  7034  7058  7058  6973  6876  6885  6985  6952  6961  6860  6796  6936  6833  6821  6879  6866  6778  6879  6882  6903  6851  6848  6842  6903  6933  6943  6863  6851  6879  6799  6863  6891  6885  6821  6854  6851  6824  6723  6732  6799  6879  6888  6897  
 7: 6790  6866  6878  6918  6863  6857  6896  6820  6801  6835  6783  6799  6802  6881  6857  6908  6915  6933  6881  6765  6820  6820  6908  6832  6863  6905  6893  6890  6976  6918  6899  6808  6750  6817  6820  6823  6835  6863  6851  6899  6872  6951  6869  6790  6790  6841  6832  6869  6887  6896  
 8: 6245  6880  6700  6775  6580  6685  6695  6745  6655  6665  6865  6575  6760  6720  6650  6580  6625  6705  6675  6680  6575  6675  6660  6690  6535  7045  6655  6660  6625  6655  6690  6720  6620  6745  6785  6780  6600  6625  6675  6730  6685  6705  6680  6780  6690  6785  6785  6595  6800  6860  
 9: 6721  6721  6666  6712  6766  6645  6693  6727  6678  6654  6678  6709  6721  6684  6709  6727  6797  6788  6742  6763  6745  6684  6718  6724  6742  6696  6690  6687  6733  6766  6730  6675  6663  6605  6693  6721  6724  6712  6715  6721  6782  6736  6763  6776  6727  6690  6702  6760  6727  6715  
Permutation: 2
 0: 6957  6944  7084  6898  6859  6953  6736  6949  7096  6828  6804  6968  6978  6956  6961  6846  6947  6807  6738  6710  7127  6790  6855  6893  7004  6781  6963  6869  6908  6914  6857  6779  6866  6883  6882  7013  7020  6963  7020  6834  6991  6870  6794  6928  6860  6850  6842  6843  6955  6854  
 1: 7093  6688  6493  6723  6533  6818  6893  6793  6883  7073  6958  7033  7008  6783  6788  6738  6683  6968  6928  7068  6758  6918  6718  6313  6763  6688  6653  6638  6738  6778  6798  6923  6908  7063  6938  7238  6848  7183  6948  6743  6773  6803  6963  6793  6853  6823  6698  6858  6523  6883  
 2: 6893  6928  6843  6926  7004  6993  6978  6882  6870  6950  6983  6895  6881  6948  6964  7043  7020  6982  6923  6961  6960  7000  6749  6953  6787  6793  6829  7006  6995  6919  6896  6783  6869  6931  6900  6792  6973  6905  6883  6956  6960  6892  6942  6908  6794  6779  6896  7018  7058  6892  
 3: 6245  6880  6700  6775  6580  6685  6695  6745  6655  6665  6865  6575  6760  6720  6650  6580  6625  6705  6675  6680  6575  6675  6660  6690  6535  7045  6655  6660  6625  6655  6690  6720  6620  6745  6785  6780  6600  6625  6675  6730  6685  6705  6680  6780  6690  6785  6785  6595  6800  6860  
 4: 6787  6718  6739  6793  6707  6861  6871  6901  6879  6853  6744  7010  6894  6757  6758  6762  6702  6741  6895  6914  6874  6730  6784  6756  6779  6770  6955  6868  6712  6822  6860  6964  6876  6850  6795  6866  6924  6849  6779  6795  6649  6681  6838  6833  6954  6798  6649  6801  6767  6490  
 5: 6905  6931  6896  6953  7043  6952  6996  7051  7001  6995  7066  6855  6838  6690  6796  6777  6904  6829  6910  6925  6946  6910  6962  6921  7106  7051  6796  6777  6892  6955  6930  7003  7067  6964  6925  6993  6857  6851  7038  6931  6983  6885  6953  6959  6939  7016  7132  6813  6892  7122  
 6: 6790  6866  6878  6918  6863  6857  6896  6820  6801  6835  6783  6799  6802  6881  6857  6908  6915  6933  6881  6765  6820  6820  6908  6832  6863  6905  6893  6890  6976  6918  6899  6808  6750  6817  6820  6823  6835  6863  6851  6899  6872  6951  6869  6790  6790  6841  6832  6869  6887  6896  
 7: 6885  6790  6839  6732  6879  6815  6930  6979  6946  7083  7223  6982  7089  7049  6900  6955  6775  6927  7013  6970  6982  6997  7086  6924  7119  7132  6997  6869  6876  6854  6879  6869  6903  7049  7199  6839  7031  6918  6778  6735  6888  6924  6888  7049  6912  6997  6854  6812  6821  6933  
 8: 6909  6940  6961  6952  6952  6985  7010  7034  7058  7058  6973  6876  6885  6985  6952  6961  6860  6796  6936  6833  6821  6879  6866  6778  6879  6882  6903  6851  6848  6842  6903  6933  6943  6863  6851  6879  6799  6863  6891  6885  6821  6854  6851  6824  6723  6732  6799  6879  6888  6897  
 9: 6721  6721  6666  6712  6766  6645  6693  6727  6678  6654  6678  6709  6721  6684  6709  6727  6797  6788  6742  6763  6745  6684  6718  6724  6742  6696  6690  6687  6733  6766  6730  6675  6663  6605  6693  6721  6724  6712  6715  6721  6782  6736  6763  6776  6727  6690  6702  6760  6727  6715  
Permutation: 3
 0: 7093  6688  6493  6723  6533  6818  6893  6793  6883  7073  6958  7033  7008  6783  6788  6738  6683  6968  6928  7068  6758  6918  6718  6313  6763  6688  6653  6638  6738  6778  6798  6923  6908  7063  6938  7238  6848  7183  6948  6743  6773  6803  6963  6793  6853  6823  6698  6858  6523  6883  
 1: 6905  6931  6896  6953  7043  6952  6996  7051  7001  6995  7066  6855  6838  6690  6796  6777  6904  6829  6910  6925  6946  6910  6962  6921  7106  7051  6796  6777  6892  6955  6930  7003  7067  6964  6925  6993  6857  6851  7038  6931  6983  6885  6953  6959  6939  7016  7132  6813  6892  7122  
 2: 6245  6880  6700  6775  6580  6685  6695  6745  6655  6665  6865  6575  6760  6720  6650  6580  6625  6705  6675  6680  6575  6675  6660  6690  6535  7045  6655  6660  6625  6655  6690  6720  6620  6745  6785  6780  6600  6625  6675  6730  6685  6705  6680  6780  6690  6785  6785  6595  6800  6860  
 3: 6909  6940  6961  6952  6952  6985  7010  7034  7058  7058  6973  6876  6885  6985  6952  6961  6860  6796  6936  6833  6821  6879  6866  6778  6879  6882  6903  6851  6848  6842  6903  6933  6943  6863  6851  6879  6799  6863  6891  6885  6821  6854  6851  6824  6723  6732  6799  6879  6888  6897  
 4: 6957  6944  7084  6898  6859  6953  6736  6949  7096  6828  6804  6968  6978  6956  6961  6846  6947  6807  6738  6710  7127  6790  6855  6893  7004  6781  6963  6869  6908  6914  6857  6779  6866  6883  6882  7013  7020  6963  7020  6834  6991  6870  6794  6928  6860  6850  6842  6843  6955  6854  
 5: 6787  6718  6739  6793  6707  6861  6871  6901  6879  6853  6744  7010  6894  6757  6758  6762  6702  6741  6895  6914  6874  6730  6784  6756  6779  6770  6955  6868  6712  6822  6860  6964  6876  6850  6795  6866  6924  6849  6779  6795  6649  6681  6838  6833  6954  6798  6649  6801  6767  6490  
 6: 6885  6790  6839  6732  6879  6815  6930  6979  6946  7083  7223  6982  7089  7049  6900  6955  6775  6927  7013  6970  6982  6997  7086  6924  7119  7132  6997  6869  6876  6854  6879  6869  6903  7049  7199  6839  7031  6918  6778  6735  6888  6924  6888  7049  6912  6997  6854  6812  6821  6933  
 7: 6893  6928  6843  6926  7004  6993  6978  6882  6870  6950  6983  6895  6881  6948  6964  7043  7020  6982  6923  6961  6960  7000  6749  6953  6787  6793  6829  7006  6995  6919  6896  6783  6869  6931  6900  6792  6973  6905  6883  6956  6960  6892  6942  6908  6794  6779  6896  7018  7058  6892  
 8: 6790  6866  6878  6918  6863  6857  6896  6820  6801  6835  6783  6799  6802  6881  6857  6908  6915  6933  6881  6765  6820  6820  6908  6832  6863  6905  6893  6890  6976  6918  6899  6808  6750  6817  6820  6823  6835  6863  6851  6899  6872  6951  6869  6790  6790  6841  6832  6869  6887  6896  
 9: 6721  6721  6666  6712  6766  6645  6693  6727  6678  6654  6678  6709  6721  6684  6709  6727  6797  6788  6742  6763  6745  6684  6718  6724  6742  6696  6690  6687  6733  6766  6730  6675  6663  6605  6693  6721  6724  6712  6715  6721  6782  6736  6763  6776  6727  6690  6702  6760  6727  6715  
Permutation: 4
 0: 6905  6931  6896  6953  7043  6952  6996  7051  7001  6995  7066  6855  6838  6690  6796  6777  6904  6829  6910  6925  6946  6910  6962  6921  7106  7051  6796  6777  6892  6955  6930  7003  7067  6964  6925  6993  6857  6851  7038  6931  6983  6885  6953  6959  6939  7016  7132  6813  6892  7122  
 1: 6787  6718  6739  6793  6707  6861  6871  6901  6879  6853  6744  7010  6894  6757  6758  6762  6702  6741  6895  6914  6874  6730  6784  6756  6779  6770  6955  6868  6712  6822  6860  6964  6876  6850  6795  6866  6924  6849  6779  6795  6649  6681  6838  6833  6954  6798  6649  6801  6767  6490  
 2: 6909  6940  6961  6952  6952  6985  7010  7034  7058  7058  6973  6876  6885  6985  6952  6961  6860  6796  6936  6833  6821  6879  6866  6778  6879  6882  6903  6851  6848  6842  6903  6933  6943  6863  6851  6879  6799  6863  6891  6885  6821  6854  6851  6824  6723  6732  6799  6879  6888  6897  
 3: 6790  6866  6878  6918  6863  6857  6896  6820  6801  6835  6783  6799  6802  6881  6857  6908  6915  6933  6881  6765  6820  6820  6908  6832  6863  6905  6893  6890  6976  6918  6899  6808  6750  6817  6820  6823  6835  6863  6851  6899  6872  6951  6869  6790  6790  6841  6832  6869  6887  6896  
 4: 7093  6688  6493  6723  6533  6818  6893  6793  6883  7073  6958  7033  7008  6783  6788  6738  6683  6968  6928  7068  6758  6918  6718  6313  6763  6688  6653  6638  6738  6778  6798  6923  6908  7063  6938  7238  6848  7183  6948  6743  6773  6803  6963  6793  6853  6823  6698  6858  6523  6883  
 5: 6957  6944  7084  6898  6859  6953  6736  6949  7096  6828  6804  6968  6978  6956  6961  6846  6947  6807  6738  6710  7127  6790  6855  6893  7004  6781  6963  6869  6908  6914  6857  6779  6866  6883  6882  7013  7020  6963  7020  6834  6991  6870  6794  6928  6860  6850  6842  6843  6955  6854  
 6: 6893  6928  6843  6926  7004  6993  6978  6882  6870  6950  6983  6895  6881  6948  6964  7043  7020  6982  6923  6961  6960  7000  6749  6953  6787  6793  6829  7006  6995  6919  6896  6783  6869  6931  6900  6792  6973  6905  6883  6956  6960  6892  6942  6908  6794  6779  6896  7018  7058  6892  
 7: 6245  6880  6700  6775  6580  6685  6695  6745  6655  6665  6865  6575  6760  6720  6650  6580  6625  6705  6675  6680  6575  6675  6660  6690  6535  7045  6655  6660  6625  6655  6690  6720  6620  6745  6785  6780  6600  6625  6675  6730  6685  6705  6680  6780  6690  6785  6785  6595  6800  6860  
 8: 6885  6790  6839  6732  6879  6815  6930  6979  6946  7083  7223  6982  7089  7049  6900  6955  6775  6927  7013  6970  6982  6997  7086  6924  7119  7132  6997  6869  6876  6854  6879  6869  6903  7049  7199  6839  7031  6918  6778  6735  6888  6924  6888  7049  6912  6997  6854  6812  6821  6933  
 9: 6721  6721  6666  6712  6766  6645  6693  6727  6678  6654  6678  6709  6721  6684  6709  6727  6797  6788  6742  6763  6745  6684  6718  6724  6742  6696  6690  6687  6733  6766  6730  6675  6663  6605  6693  6721  6724  6712  6715  6721  6782  6736  6763  6776  6727  6690  6702  6760  6727  6715  
